/*--------------------------------*- C++ -*----------------------------------*\
  =========                 |
  \\      /  F ield         | OpenFOAM: The Open Source CFD Toolbox
   \\    /   O peration     | Website:  https://openfoam.org
    \\  /    A nd           | Version:  13
     \\/     M anipulation  |
\*---------------------------------------------------------------------------*/
FoamFile
{
    format      ascii;
    class       dictionary;
    location    "system";
    object      functions;
}
// * * * * * * * * * * * * * * * * * * * * * * * * * * * * * * * * * * * * * //

probesU
{
    type            probes;
    libs            ("libsampling.so");
    writeControl    timeStep;
    writeInterval   5;
    fixedLocations  true;
    fields
    (
        U
        alpha.water
    );
    probeLocations
    (
        (0.001992 0 0.00083)
        (0.001992 0 0.00249)
        (0.001992 0 0.00415)
        (0.001992 0 0.00581)
        (0.001992 0 0.00747)
        (0.0018945046 0.00061556185 0.00083)
        (0.0018945046 0.00061556185 0.00249)
        (0.0018945046 0.00061556185 0.00415)
        (0.0018945046 0.00061556185 0.00581)
        (0.0018945046 0.00061556185 0.00747)
        (0.0016115619 0.0011708682 0.00083)
        (0.0016115619 0.0011708682 0.00249)
        (0.0016115619 0.0011708682 0.00415)
        (0.0016115619 0.0011708682 0.00581)
        (0.0016115619 0.0011708682 0.00747)
        (0.0011708682 0.0016115619 0.00083)
        (0.0011708682 0.0016115619 0.00249)
        (0.0011708682 0.0016115619 0.00415)
        (0.0011708682 0.0016115619 0.00581)
        (0.0011708682 0.0016115619 0.00747)
        (0.00061556185 0.0018945046 0.00083)
        (0.00061556185 0.0018945046 0.00249)
        (0.00061556185 0.0018945046 0.00415)
        (0.00061556185 0.0018945046 0.00581)
        (0.00061556185 0.0018945046 0.00747)
        (1.2197482e-19 0.001992 0.00083)
        (1.2197482e-19 0.001992 0.00249)
        (1.2197482e-19 0.001992 0.00415)
        (1.2197482e-19 0.001992 0.00581)
        (1.2197482e-19 0.001992 0.00747)
        (-0.00061556185 0.0018945046 0.00083)
        (-0.00061556185 0.0018945046 0.00249)
        (-0.00061556185 0.0018945046 0.00415)
        (-0.00061556185 0.0018945046 0.00581)
        (-0.00061556185 0.0018945046 0.00747)
        (-0.0011708682 0.0016115619 0.00083)
        (-0.0011708682 0.0016115619 0.00249)
        (-0.0011708682 0.0016115619 0.00415)
        (-0.0011708682 0.0016115619 0.00581)
        (-0.0011708682 0.0016115619 0.00747)
        (-0.0016115619 0.0011708682 0.00083)
        (-0.0016115619 0.0011708682 0.00249)
        (-0.0016115619 0.0011708682 0.00415)
        (-0.0016115619 0.0011708682 0.00581)
        (-0.0016115619 0.0011708682 0.00747)
        (-0.0018945046 0.00061556185 0.00083)
        (-0.0018945046 0.00061556185 0.00249)
        (-0.0018945046 0.00061556185 0.00415)
        (-0.0018945046 0.00061556185 0.00581)
        (-0.0018945046 0.00061556185 0.00747)
        (-0.001992 2.4394964e-19 0.00083)
        (-0.001992 2.4394964e-19 0.00249)
        (-0.001992 2.4394964e-19 0.00415)
        (-0.001992 2.4394964e-19 0.00581)
        (-0.001992 2.4394964e-19 0.00747)
        (-0.0018945046 -0.00061556185 0.00083)
        (-0.0018945046 -0.00061556185 0.00249)
        (-0.0018945046 -0.00061556185 0.00415)
        (-0.0018945046 -0.00061556185 0.00581)
        (-0.0018945046 -0.00061556185 0.00747)
        (-0.0016115619 -0.0011708682 0.00083)
        (-0.0016115619 -0.0011708682 0.00249)
        (-0.0016115619 -0.0011708682 0.00415)
        (-0.0016115619 -0.0011708682 0.00581)
        (-0.0016115619 -0.0011708682 0.00747)
        (-0.0011708682 -0.0016115619 0.00083)
        (-0.0011708682 -0.0016115619 0.00249)
        (-0.0011708682 -0.0016115619 0.00415)
        (-0.0011708682 -0.0016115619 0.00581)
        (-0.0011708682 -0.0016115619 0.00747)
        (-0.00061556185 -0.0018945046 0.00083)
        (-0.00061556185 -0.0018945046 0.00249)
        (-0.00061556185 -0.0018945046 0.00415)
        (-0.00061556185 -0.0018945046 0.00581)
        (-0.00061556185 -0.0018945046 0.00747)
        (-3.6592446e-19 -0.001992 0.00083)
        (-3.6592446e-19 -0.001992 0.00249)
        (-3.6592446e-19 -0.001992 0.00415)
        (-3.6592446e-19 -0.001992 0.00581)
        (-3.6592446e-19 -0.001992 0.00747)
        (0.00061556185 -0.0018945046 0.00083)
        (0.00061556185 -0.0018945046 0.00249)
        (0.00061556185 -0.0018945046 0.00415)
        (0.00061556185 -0.0018945046 0.00581)
        (0.00061556185 -0.0018945046 0.00747)
        (0.0011708682 -0.0016115619 0.00083)
        (0.0011708682 -0.0016115619 0.00249)
        (0.0011708682 -0.0016115619 0.00415)
        (0.0011708682 -0.0016115619 0.00581)
        (0.0011708682 -0.0016115619 0.00747)
        (0.0016115619 -0.0011708682 0.00083)
        (0.0016115619 -0.0011708682 0.00249)
        (0.0016115619 -0.0011708682 0.00415)
        (0.0016115619 -0.0011708682 0.00581)
        (0.0016115619 -0.0011708682 0.00747)
        (0.0018945046 -0.00061556185 0.00083)
        (0.0018945046 -0.00061556185 0.00249)
        (0.0018945046 -0.00061556185 0.00415)
        (0.0018945046 -0.00061556185 0.00581)
        (0.0018945046 -0.00061556185 0.00747)
    );
}

// ************************************************************************* //
