/*--------------------------------*- C++ -*----------------------------------*\
  =========                 |
  \\      /  F ield         | OpenFOAM: The Open Source CFD Toolbox
   \\    /   O peration     | Website:  https://openfoam.org
    \\  /    A nd           | Version:  13
     \\/     M anipulation  |
\*---------------------------------------------------------------------------*/
FoamFile
{
    format      ascii;
    class       dictionary;
    location    "system";
    object      functions;
}
// * * * * * * * * * * * * * * * * * * * * * * * * * * * * * * * * * * * * * //

probesU
{
    type            probes;
    libs            ("libsampling.so");
    writeControl    timeStep;
    writeInterval   5;
    fixedLocations  true;
    fields
    (
        U
        alpha.water
    );
    probeLocations
    (
        (0.001992 0 0.00082)
        (0.001992 0 0.00246)
        (0.001992 0 0.0041)
        (0.001992 0 0.00574)
        (0.001992 0 0.00738)
        (0.0018945046 0.00061556185 0.00082)
        (0.0018945046 0.00061556185 0.00246)
        (0.0018945046 0.00061556185 0.0041)
        (0.0018945046 0.00061556185 0.00574)
        (0.0018945046 0.00061556185 0.00738)
        (0.0016115619 0.0011708682 0.00082)
        (0.0016115619 0.0011708682 0.00246)
        (0.0016115619 0.0011708682 0.0041)
        (0.0016115619 0.0011708682 0.00574)
        (0.0016115619 0.0011708682 0.00738)
        (0.0011708682 0.0016115619 0.00082)
        (0.0011708682 0.0016115619 0.00246)
        (0.0011708682 0.0016115619 0.0041)
        (0.0011708682 0.0016115619 0.00574)
        (0.0011708682 0.0016115619 0.00738)
        (0.00061556185 0.0018945046 0.00082)
        (0.00061556185 0.0018945046 0.00246)
        (0.00061556185 0.0018945046 0.0041)
        (0.00061556185 0.0018945046 0.00574)
        (0.00061556185 0.0018945046 0.00738)
        (1.2197482e-19 0.001992 0.00082)
        (1.2197482e-19 0.001992 0.00246)
        (1.2197482e-19 0.001992 0.0041)
        (1.2197482e-19 0.001992 0.00574)
        (1.2197482e-19 0.001992 0.00738)
        (-0.00061556185 0.0018945046 0.00082)
        (-0.00061556185 0.0018945046 0.00246)
        (-0.00061556185 0.0018945046 0.0041)
        (-0.00061556185 0.0018945046 0.00574)
        (-0.00061556185 0.0018945046 0.00738)
        (-0.0011708682 0.0016115619 0.00082)
        (-0.0011708682 0.0016115619 0.00246)
        (-0.0011708682 0.0016115619 0.0041)
        (-0.0011708682 0.0016115619 0.00574)
        (-0.0011708682 0.0016115619 0.00738)
        (-0.0016115619 0.0011708682 0.00082)
        (-0.0016115619 0.0011708682 0.00246)
        (-0.0016115619 0.0011708682 0.0041)
        (-0.0016115619 0.0011708682 0.00574)
        (-0.0016115619 0.0011708682 0.00738)
        (-0.0018945046 0.00061556185 0.00082)
        (-0.0018945046 0.00061556185 0.00246)
        (-0.0018945046 0.00061556185 0.0041)
        (-0.0018945046 0.00061556185 0.00574)
        (-0.0018945046 0.00061556185 0.00738)
        (-0.001992 2.4394964e-19 0.00082)
        (-0.001992 2.4394964e-19 0.00246)
        (-0.001992 2.4394964e-19 0.0041)
        (-0.001992 2.4394964e-19 0.00574)
        (-0.001992 2.4394964e-19 0.00738)
        (-0.0018945046 -0.00061556185 0.00082)
        (-0.0018945046 -0.00061556185 0.00246)
        (-0.0018945046 -0.00061556185 0.0041)
        (-0.0018945046 -0.00061556185 0.00574)
        (-0.0018945046 -0.00061556185 0.00738)
        (-0.0016115619 -0.0011708682 0.00082)
        (-0.0016115619 -0.0011708682 0.00246)
        (-0.0016115619 -0.0011708682 0.0041)
        (-0.0016115619 -0.0011708682 0.00574)
        (-0.0016115619 -0.0011708682 0.00738)
        (-0.0011708682 -0.0016115619 0.00082)
        (-0.0011708682 -0.0016115619 0.00246)
        (-0.0011708682 -0.0016115619 0.0041)
        (-0.0011708682 -0.0016115619 0.00574)
        (-0.0011708682 -0.0016115619 0.00738)
        (-0.00061556185 -0.0018945046 0.00082)
        (-0.00061556185 -0.0018945046 0.00246)
        (-0.00061556185 -0.0018945046 0.0041)
        (-0.00061556185 -0.0018945046 0.00574)
        (-0.00061556185 -0.0018945046 0.00738)
        (-3.6592446e-19 -0.001992 0.00082)
        (-3.6592446e-19 -0.001992 0.00246)
        (-3.6592446e-19 -0.001992 0.0041)
        (-3.6592446e-19 -0.001992 0.00574)
        (-3.6592446e-19 -0.001992 0.00738)
        (0.00061556185 -0.0018945046 0.00082)
        (0.00061556185 -0.0018945046 0.00246)
        (0.00061556185 -0.0018945046 0.0041)
        (0.00061556185 -0.0018945046 0.00574)
        (0.00061556185 -0.0018945046 0.00738)
        (0.0011708682 -0.0016115619 0.00082)
        (0.0011708682 -0.0016115619 0.00246)
        (0.0011708682 -0.0016115619 0.0041)
        (0.0011708682 -0.0016115619 0.00574)
        (0.0011708682 -0.0016115619 0.00738)
        (0.0016115619 -0.0011708682 0.00082)
        (0.0016115619 -0.0011708682 0.00246)
        (0.0016115619 -0.0011708682 0.0041)
        (0.0016115619 -0.0011708682 0.00574)
        (0.0016115619 -0.0011708682 0.00738)
        (0.0018945046 -0.00061556185 0.00082)
        (0.0018945046 -0.00061556185 0.00246)
        (0.0018945046 -0.00061556185 0.0041)
        (0.0018945046 -0.00061556185 0.00574)
        (0.0018945046 -0.00061556185 0.00738)
    );
}

// ************************************************************************* //
